,Age,WorkExp,JobSat_WorkEnvironment,JobSat_ToolsAndResources,JobSat_CompanyCulture,JobSat_ProjectSatisfaction,JobSat_Teamwork,JobSat_JobRole,JobSat_Management,JobSat_Compensation,JobSat_WorkLifeBalance,ConvertedCompYearly,MainBranch_I am learning to code,"MainBranch_I am not primarily a developer, but I write code sometimes as part of my work/studies",MainBranch_I code primarily as a hobby,"MainBranch_I used to be a developer by profession, but no longer am","Employment_Employed, part-time","Employment_Independent contractor, freelancer, or self-employed","Employment_Not employed, and not looking for work","Employment_Not employed, but looking for work","Employment_Student, full-time","Employment_Student, part-time",RemoteWork_In-person,RemoteWork_Remote,EdLevel_Bachelor’s Degree,EdLevel_Master’s Degree,EdLevel_Primary School,EdLevel_Professional Degree,EdLevel_Secondary School,EdLevel_Some College,PurchaseInfluence_I have little or no influence,PurchaseInfluence_I have some influence,BuildvsBuy_Is set up to be customized and needs to be engineered into a usable product,BuildvsBuy_Out-of-the-box is ready to go with little need for customization,SOVisitFreq_A few times per week,SOVisitFreq_Daily or almost daily,SOVisitFreq_Less than once per month or monthly,SOVisitFreq_Multiple times per day,SOAccount_Not sure/can't remember,SOAccount_Yes,SOPartFreq_A few times per week,SOPartFreq_Daily or almost daily,SOPartFreq_I have never participated in Q&A on Stack Overflow,SOPartFreq_Less than once per month or monthly,SOPartFreq_Multiple times per day,"SOComm_No, not at all","SOComm_No, not really",SOComm_Not sure,"SOComm_Yes, definitely","SOComm_Yes, somewhat","AISelect_No, but I plan to soon",AISelect_Yes,AISent_Indifferent,AISent_Unfavorable,AISent_Unsure,AISent_Very favorable,AISent_Very unfavorable,AIAcc_Highly trust,AIAcc_Neither trust nor distrust,AIAcc_Somewhat distrust,AIAcc_Somewhat trust,"AIComplex_Good, but not great at handling complex tasks",AIComplex_Neither good or bad at handling complex tasks,AIComplex_Very poor at handling complex tasks,AIComplex_Very well at handling complex tasks,AIThreat_No,AIThreat_Yes,ICorPM_People manager,Knowledge_1_Disagree,Knowledge_1_Neither agree nor disagree,Knowledge_1_Strongly agree,Knowledge_1_Strongly disagree,Knowledge_2_Disagree,Knowledge_2_Neither agree nor disagree,Knowledge_2_Strongly agree,Knowledge_2_Strongly disagree,Knowledge_3_Disagree,Knowledge_3_Neither agree nor disagree,Knowledge_3_Strongly agree,Knowledge_3_Strongly disagree,Knowledge_4_Disagree,Knowledge_4_Neither agree nor disagree,Knowledge_4_Strongly agree,Knowledge_4_Strongly disagree,Knowledge_5_Disagree,Knowledge_5_Neither agree nor disagree,Knowledge_5_Strongly agree,Knowledge_5_Strongly disagree,Knowledge_6_Disagree,Knowledge_6_Neither agree nor disagree,Knowledge_6_Strongly agree,Knowledge_6_Strongly disagree,Knowledge_7_Disagree,Knowledge_7_Neither agree nor disagree,Knowledge_7_Strongly agree,Knowledge_7_Strongly disagree,Knowledge_8_Disagree,Knowledge_8_Neither agree nor disagree,Knowledge_8_Strongly agree,Knowledge_8_Strongly disagree,Knowledge_9_Disagree,Knowledge_9_Neither agree nor disagree,Knowledge_9_Strongly agree,Knowledge_9_Strongly disagree,Frequency_1_10+ times a week,Frequency_1_3-5 times a week,Frequency_1_6-10 times a week,Frequency_1_Never,Frequency_2_10+ times a week,Frequency_2_3-5 times a week,Frequency_2_6-10 times a week,Frequency_2_Never,Frequency_3_10+ times a week,Frequency_3_3-5 times a week,Frequency_3_6-10 times a week,Frequency_3_Never,TimeSearching_30-60 minutes a day,TimeSearching_60-120 minutes a day,TimeSearching_Less than 15 minutes a day,TimeSearching_Over 120 minutes a day,TimeAnswering_30-60 minutes a day,TimeAnswering_60-120 minutes a day,TimeAnswering_Less than 15 minutes a day,TimeAnswering_Over 120 minutes a day,ProfessionalCloud_Hybrid (on-prem and cloud),ProfessionalCloud_On-prem,ProfessionalQuestion_AI-powered search (free),ProfessionalQuestion_AI-powered search (paid),"ProfessionalQuestion_Do search of internal share drives/storage locations for documentation (i.e., not a structured knowledge base)",ProfessionalQuestion_Internal Developer portal,ProfessionalQuestion_Microsoft Teams search,ProfessionalQuestion_Other:,ProfessionalQuestion_Slack search,ProfessionalQuestion_Traditional public search engine,SurveyLength_Too Long,SurveyEase_Easy
Age,1.0,0.8475987100882603,-0.027212361848906793,-0.07358185248184483,-0.10311152143132261,-0.05115584833019975,-0.08963529326736627,-0.04924178576013109,-0.08481214247349024,-0.11524185869445143,-0.10897084795118954,0.1458915214195087,-0.022089813015689522,0.06298970365414072,0.013754800996544034,0.07263032230334075,0.01068473841049304,0.0747649353911303,-0.003154944848493063,-0.01186261123148827,-0.16607023897396447,-0.0852257215267953,-0.13801126108337486,0.1139829808863429,-0.10491157378956671,0.10287597817748735,-0.014073976171237604,0.13876057663313773,-0.10539709546893443,0.0021498153691233176,-0.10806418249689749,0.039852255407010755,0.06508706579995616,-0.015279257091401391,-0.010932841003039071,-0.026483904193021417,0.031124964247897756,-0.03002227668196745,-0.01837053123155339,0.11074409752659106,0.04041529077935074,0.050902694790720446,-0.0781197339939008,-0.03337142708812362,0.06606023468132387,-0.06569657544556422,-0.03815755717622969,-0.011512583915051305,0.0563590092129291,0.06864363384256046,0.09203447354795567,-0.13332234548229188,-0.0036828301326646794,-0.007544695879086328,0.023713291795030268,-0.013318438879405977,0.00763698700950098,0.002099897539692307,-0.05909698020301053,-0.046252417644378256,0.08490067118373262,-0.06454312118246427,-0.009021700838139371,-0.05310953792742037,0.0029091222759498343,0.03569006578309845,-0.009737283978568698,0.12371461057747467,-0.06257227444483343,-0.042483376772740576,0.0916565037225039,-0.03234028404467674,-0.01777651024387014,-0.009620331163542287,0.030463239765340818,-0.016456392447046293,0.00823223841262591,0.036711847479010046,-0.014179938948251442,-0.02026531300387102,0.013965993744488158,0.051239978134239604,-0.042601231556522505,-0.016572000374185422,0.022167805637349835,0.038703216290597364,-0.03733288652958716,-0.005086614187071306,-0.026168104001265267,0.031868790838359404,0.003738254848662627,-0.04234376945670996,0.02270792287444528,0.03456555349454159,-0.04099102416005459,-0.003845753628596421,0.015259740070872592,0.01978139406267486,-0.01469820529276724,-0.007200939345842525,0.007641588049747777,-0.006973375911522522,0.0008250053602516406,-0.019458159405607293,0.03422152850064514,0.022247452623404794,0.003916902045318185,-0.07711458821004559,0.036410383199671784,0.012995308347099534,0.02998234471999277,-0.05401118893441604,-0.009490642492731917,-0.000875309350525708,-0.014462623221877786,-0.013611260365436573,-0.03235489829280278,-0.05680656216128667,0.07801547227348075,-0.03552014998765681,0.03981277142334059,0.058514241273945514,-0.06761159472424724,0.04801255790401928,0.04705081571611889,-0.01870558904005345,-0.04646302869696161,0.011291938296420254,0.0011572306790309736,0.01780894313846988,0.009098309508942148,0.02748634259989546,0.004603235607686971,-0.006220695737041851,-0.034837142957207023,0.02380125164178395
WorkExp,0.8475987100882603,1.0,-0.02636283990668218,-0.06298615677599217,-0.10466611423625603,-0.06561463413378628,-0.10808152342057384,-0.050241509683322506,-0.09013914353006174,-0.11427548800218623,-0.10988155262932131,0.15413986834079665,-0.03557440022611866,0.055715096080076756,0.014838283563680008,0.08042369550795343,0.008276161700461093,0.09723302559294057,-0.002462032885685286,-0.013309122515827072,-0.1281939516402721,-0.0755375648503467,-0.14119405109508373,0.12227502146379932,-0.0959840206084883,0.05918805700293726,0.0014031791756488018,0.0975648372151328,-0.05495550396218109,0.03333762331914168,-0.1463118154396857,0.037035963338642904,0.07122145926598167,-0.02124910403397462,-0.01512048958410888,-0.027939883191755326,0.04117482456802579,-0.031084092505658637,-0.0264328455741446,0.12174622357225744,0.04821398200874507,0.05445297979788655,-0.08826821176350506,-0.033577245387367345,0.07213822562545306,-0.057261496792060246,-0.045463919536111556,-0.0110857045158721,0.06105605731133068,0.06944940529578007,0.07590022017492523,-0.13491653595758898,-0.002402537045940466,-0.0033287308605613694,0.009651587958814191,-0.012615815018882901,0.012074837623858721,0.0049171805335877046,-0.058373377425982066,-0.041534708517556106,0.07522250319454798,-0.0716294917222597,-0.012826597477956864,-0.0449773406568322,0.01018228615441291,0.05766537650242594,-0.020159035307065132,0.14314295681357228,-0.06842070337290251,-0.057193400156421874,0.12398024417455496,-0.03455832832033979,-0.016202671623505586,-0.01377058336610412,0.027686457497418014,0.0018498710304275918,0.004016218763761547,0.026386668736159406,0.003248443665505534,-0.014223994634259256,0.0046907763779221725,0.0393918642760974,-0.02150949579877499,-0.009910398453666905,0.019674470492121815,0.02530053541899374,-0.012173545476606174,-0.0025349974076461805,-0.029717872546981123,0.023624332067060744,0.01851995180644536,-0.03355264750965299,0.021626647942098527,0.0287618310308685,-0.03114261854512115,0.013360991464088819,-0.0014538962894242665,0.009210722109872152,0.015119958127476818,-0.010210284120889646,-0.00506168615620785,-0.013976385427892006,0.014769536573718994,-0.019717627607857464,0.04317306973811501,0.031154589801431872,0.009453220413535593,-0.07742330499867592,0.05697833979252329,0.017882273621406725,0.03919959728816648,-0.06289091925836075,-0.007572500054152449,0.00026369581906216525,-0.017529694574299426,-0.013537935023816212,-0.03735396526291108,-0.06254922377683604,0.08858329957323538,-0.04125258018700004,0.04087125006176486,0.07704739263200845,-0.0807684983322932,0.0554303172220467,0.04289696288948397,-0.016985895290823696,-0.06092120752265199,0.008314615400837189,0.009699365103763916,0.02056256508553737,0.006948754822334921,0.038534035119953396,0.009550173902172486,-0.003217419182298371,-0.032364730071130526,0.0325587213846699
JobSat_WorkEnvironment,-0.027212361848906793,-0.02636283990668218,1.0,0.442621238340873,0.6322276407036811,0.6140814367317095,0.6009283081582563,0.6275362417858044,0.5978257602986617,0.5830924241294757,0.6073591931358268,0.051945549309564416,-0.004842951958121967,0.002139962998839242,0.013173784926062306,0.04177273550407697,-0.013738732176953114,0.016659802167456793,-0.0022177233073808855,0.003429605601714282,-0.014982106048839752,-0.01978597154634087,0.0317595215754572,-0.013350126287873096,0.028075359108964238,-0.004501456741663601,-0.004374916382321793,0.0015350661063361706,-0.021941531957156025,-0.019691269272389164,-0.10053145627084599,0.030366991480683666,0.02117832586262527,-0.00013256881737220758,-0.006491145075425788,-0.005310569366966154,0.006534370738058947,0.017311196678154367,0.0081245676368448,0.014176541251693988,-0.0036649430378227887,-0.010257995989784644,-0.006605325194491393,0.0028163434227654162,-0.005408670536358246,-0.04189731149252663,-0.046199059217558354,-0.0037766591323955237,0.06443243414735597,0.023056113951115672,0.0219232673888379,0.06092660267581843,0.011937479258031023,-0.021915525526876062,-0.005080808492605588,0.060996015500032065,-0.018497649892784157,0.023912178713899238,0.04939731377358762,-0.03804297564440921,-0.002103886620295808,0.08652013488081825,0.008206081070099522,-0.013280075219060269,0.01776569786141523,-0.011360681856726815,0.009205192109284853,0.14477929179890875,-0.04068118053247581,-0.00855921823595172,0.06273378036657558,-0.014221979467159496,-0.009353542318927389,0.03129511491781607,0.008454397311133066,0.027836069882301678,-0.02872357668646258,0.001504657678391075,0.05779149649408583,-0.008180158130424357,-0.04163368836451251,-0.026894580294952102,0.07414908496828564,-0.009996298443506078,-0.04431797911857968,-0.02850896474232159,0.07152169630541566,-0.010599352373352766,-0.023795951345399025,0.004608635200950183,0.030099041101881094,-0.004228663021408164,-0.0008355629374781188,0.026176678371665412,0.007312800606375723,0.010653661147590853,-0.036715862259158384,-0.011583958319450034,0.056249406988875726,-0.03840187075387645,-0.007251976954307868,0.028810391647129723,0.03988096265318161,-0.04142393204259772,0.030651943247681324,0.015958925756383784,0.012717251218356042,0.003077158388334807,0.0325319070208645,0.0022159620697433783,0.012608953931129587,-0.009709641015834302,-0.0019930880230800735,0.010952711345570297,0.007268911979848546,0.01803986924694631,-0.012317745447606228,-0.012545931322269907,0.02100240529639996,-0.012030575739395444,0.038637423793051934,0.05148799665276993,-0.04185751063275371,0.02676625351237845,-0.02669399943572625,-0.03373749735936456,0.06233608938711015,0.03230718032498923,-0.004370414973644744,-0.00789887128313294,0.007780100980328374,-0.010875225296472679,-0.0006832110204416504,-0.044590612047234995,0.015678260227303117,0.011598910145139802
JobSat_ToolsAndResources,-0.07358185248184483,-0.06298615677599217,0.442621238340873,1.0,0.5269404198479171,0.4458021078687081,0.4574529774691362,0.43755506039801906,0.46825247166753625,0.4966586751829736,0.526264375746115,0.07074862594836577,0.01769069540262567,0.032609141929628445,0.010273754000233322,-0.01739515397664336,0.022784671705306524,0.016967294552594953,0.0008367868667378288,0.01195489359448806,0.03221455766362871,0.0014817910365835197,0.036064490597698146,-0.006307325302655259,-0.0026390866977589627,2.155813710539536e-05,0.009421206958169328,0.027329271391701365,0.0015299858404156969,-0.009906364250965709,-0.02483354785396991,0.008048171450730793,0.013440101800452573,-0.005114349345692482,-0.021429001102437412,-0.00019195004487173922,0.00187783394277461,0.041944374723686624,-0.001732715876369268,0.02343755498642213,0.04437009076836283,0.02214982736737329,-0.023140877833093647,-0.033893419783172195,0.017990691973184363,-0.03624165307371319,-0.0592444795624704,0.004646677051861332,0.07947345096324641,0.026993118711509726,0.0018914149634896272,0.021845619330975504,0.009816343484983676,0.005272384280548701,-0.007432712927863432,0.014695471361475794,-0.0010852246801087283,0.020931868430810307,0.020570210379943294,-0.01798369955956329,-0.00521664034675024,0.04587095638810156,-0.009960906164553624,0.0047096896890127474,0.03121031011082001,-0.009892204594184507,0.009909818569243988,4.192345109936151e-05,-0.009914403114922454,0.02166929996117427,-0.00742054008622611,-0.005545009839675745,-0.020894498252798804,0.025583873874219724,-0.005084537444115666,0.01710156482738301,-0.021545038049679315,-0.005946598953738239,0.03163115253515732,-0.001786477387567417,-0.03286442079305703,-0.027767459893586324,0.06484898940733266,-0.014622421364527042,-0.022074331893086042,-0.027367303774407763,0.049972101413890434,-0.0066817445394043275,-0.02383711078632574,0.0044155424568069574,0.0052827970183796395,0.011201293680826402,-0.011026143995781354,0.014937261121141295,0.0034198466016635847,0.018179509051102986,-0.028959821491367943,-0.0005890325348623424,0.029341876464527707,-0.023610327323423944,0.00026542771359685087,0.021464751372400993,0.02435826345114987,-0.03688160326503419,0.014012901352867474,-0.005136952492559597,0.0005567685037463492,0.010675757033625279,-0.012656308671837105,-0.014092067462032103,-0.0015523866994659576,0.010903965708122479,-0.0059566823720145785,-0.004976065721898257,0.01141936908474584,0.019612306660796143,-0.003641717493153495,-0.00563166994723764,0.00545684364977893,0.00742267537728417,0.015207881826642478,-0.01222453802425599,-0.00904707371586244,0.016252092460803034,0.0011389167635571884,-0.007778634241446168,0.05097173914236107,-0.0075465916058643275,0.004523359093286906,-0.0025052523653995703,0.016128656920247363,-0.0012456691979474699,-0.0035458249660376365,-0.023773621996417277,0.023949703132967223,-0.02063676397831523
JobSat_CompanyCulture,-0.10311152143132261,-0.10466611423625603,0.6322276407036811,0.5269404198479171,1.0,0.6092743553963997,0.6051618518014166,0.6254295916338346,0.6187256111484296,0.6413699721401357,0.6857818521821115,0.02864868832250131,0.01947779753405691,0.00446509868833301,0.012138107245685455,-0.00820690336889604,-3.2130332624542146e-05,0.007355033894512062,0.002957612325937519,0.015499079291639135,0.006059135387335608,-0.005958609320706575,0.05870615565766896,-0.03398544070175829,0.040956521247207334,-0.0242819218682438,0.0018492623248738374,-0.026618411737569382,-0.006813345537944875,-0.010214888539781607,-0.025214171775258587,0.008538681813892066,0.012493404547047454,0.004951197034876519,-0.018948142527086948,0.016413121776312597,-0.012845611142224864,0.041375155190785204,0.004935244184409461,0.013877694215822039,0.009319444808429533,-0.0029978161241981443,0.01949099003504911,-0.03203681848232234,-0.0014246310739713104,-0.05308026441328462,-0.06797415026155075,0.012636646432789223,0.08604345965340995,0.02494858524574881,0.024056711447460615,0.05539375594782366,0.018837212589235406,-0.0229608051580523,-0.0036256035302975956,0.04464347583871913,-0.014630962694780335,0.031506660982828415,0.06327582414349396,-0.05032264086591091,0.0026176802445540773,0.11039343523906463,0.014325194644236797,-0.031779614410460615,0.02518719136300138,-0.038509572111813196,0.024502051672680693,0.026292164704967782,-0.016057271120830663,0.03835167931705506,-0.02466695114106137,0.0019470436370538499,-0.017469090123652577,0.04559265396415737,-0.0061578616997457715,0.005211848634407757,-0.03518748091072764,-0.010020734360012403,0.053343726805454204,-0.009667824331990862,-0.062152783197304384,-0.03889823173140928,0.07432959661050503,-0.016050085881161105,-0.05478927418781764,-0.030587949452347635,0.06855387632326415,-0.011690207456383253,-0.033471014628657605,0.0035210779572087537,0.02619475461375355,-0.007844771941732715,-0.017233045303365092,0.015893871276297492,0.01337854241170349,-0.004444960926257765,-0.0551049413447076,-0.0054354103404927155,0.03891080568849004,-0.042579607334388585,-0.00807357897227893,0.04465852401055117,0.02240079602046719,-0.054330222256809516,0.015695428967838775,-0.015411193165213284,-0.007867876402131348,0.03391632553176528,-0.02342316142416979,-0.013407312364788239,-0.02263906667026814,0.025266556987437665,-0.008933865289058662,-0.0008697319652508404,0.0028441233000313735,0.031997624429555574,-0.006903762312085256,6.738594844874532e-05,0.011433607128351413,0.0019409287727098668,0.014985251746804859,-0.0015945837676318347,0.00129671357253044,0.01113002399581461,-0.0062548501432021395,-0.01468526329604303,0.09093536663242659,0.012981020588654286,0.0031795877922987485,-0.01370259955764374,0.013108262124223117,-0.014731549168752028,-0.01529614315053831,-0.03726101142180843,0.03206208503653532,-0.025073175325527775
JobSat_ProjectSatisfaction,-0.05115584833019975,-0.06561463413378628,0.6140814367317095,0.4458021078687081,0.6092743553963997,1.0,0.6876698101038182,0.6395327955640289,0.6316953010472922,0.5875386447552521,0.6038807721934278,0.02291750478130982,-0.02409827941240498,-0.07737692439599579,-0.01657540456610015,-0.03967460525257077,0.007010577238537043,-0.00100618595310967,-0.0011368415977916675,0.0013564110851638053,-0.012830857969301066,-0.009954536572828146,0.012292448517116384,0.008784549282807868,0.051040829752076675,-0.024295890694325917,-0.009759074363349426,-0.03744064004129266,-0.012328593046694855,-0.01132739244613518,0.013265447384130023,0.005616556747433728,0.014709174496048624,0.0036399400675327185,-0.012168190074173985,0.011031229285875487,-0.032590265339183765,0.038965479131808665,-0.0026012398685685547,0.00908710845620223,0.0023495316285357345,0.006017300325508773,0.005885606906178984,-0.0075542594399031935,-0.012765729688812994,-0.021030528480204792,-0.034144759778475815,-0.00424416271568353,0.041177141014986506,0.020459777530621837,0.007934790118192607,0.021611540907256525,0.014221301911999143,-0.010665327625445566,-0.0020376211677314146,0.018744397649648897,-0.02006991253924703,0.010568453086824503,0.030789759515570475,-0.026565662153647477,0.004837737970009294,0.05332257696974669,0.00022630089863507903,-0.015381779438333878,0.005964735450478231,-0.005939142969791937,0.004774039413779967,-0.015444392213377255,0.006015185694686975,0.016339015893167847,-0.015054086688653217,-0.006691798078216885,-0.005684216450933067,0.034643571872892305,0.01467596915743378,0.017325405409283977,-0.0019904803027066655,0.006118457717507985,0.03339565707265747,-0.010542834446265229,-0.028897246273139283,-0.012542317590849998,0.06219848538273332,-0.002213385300556809,-0.024450813845559992,-0.01889160026777436,0.05045493618027287,-0.012519629784003748,0.0015745256648209568,0.01472872005196933,0.0206926700832006,0.003178043754351114,0.006695719710187157,0.02274697906837055,0.01830861833825654,0.00236230583488299,-0.007652782443841971,-0.008522148723690559,0.020929746136459707,-0.0023123803935754007,0.01299884477402767,0.021756492323193172,0.013414494862843544,0.004643191369139894,-0.004593197132512399,-0.02245335600183225,-0.015208168682611798,0.03677659871521262,-0.028329722976593346,-0.009021437368644983,-0.005603815649163722,0.02604213133159006,-0.004678131292965378,0.00027196468058659,-0.0025555983709384437,0.04273282435904683,-0.016732173065482477,0.0032282088332648805,0.015882387016929886,-0.0038843533027425525,0.013992361828020704,-0.004084684430667213,0.015413921613926174,-0.0059564832104029705,-0.025124001443008682,-0.011522830401174047,0.04525122624113694,0.0032448658265933736,-0.008430961243988292,-0.01834810749829631,0.003962798562800663,-0.009896298908243218,-0.002603581607745736,-0.01203972207201904,-0.027321845636451594,0.022641489106978694
JobSat_Teamwork,-0.08963529326736627,-0.10808152342057384,0.6009283081582563,0.4574529774691362,0.6051618518014166,0.6876698101038182,1.0,0.6952207028336145,0.6610448994147299,0.6389618022007354,0.6158357836795263,0.0005658120827618633,-0.006133778957198634,-0.008591218801828678,-0.0010024347381654558,-0.023309448420635915,0.0011066056536318493,-0.001858453051301553,-0.004437380562484298,0.0022815240600680626,0.02195458181522099,-0.005670075946958566,0.040694509818787895,-0.022889696279146735,0.030800945496328384,-0.010747723526834863,-0.005905287705957818,-0.01981059374810893,-0.0030274090694513605,-0.016772783436843724,0.007232675480866739,0.009525301872662631,0.013968840441879543,0.006158522240028686,-0.013044769842578617,0.01900969186099233,-0.03219113915016363,0.04667671312312222,0.011334657625489674,0.0025846399394536205,-0.005376709313675555,-0.00416975056302112,0.029879977383185256,-0.015385702248691185,-0.009882303356727792,-0.03579736735116299,-0.0321554100523336,0.0023194488033112274,0.03641260290359408,0.024377346263469633,0.004867918953488243,0.07714442304495228,0.002833717665440074,-0.022384058556274535,-0.003952788774256961,0.06738654145725623,-0.02748013484793898,0.01635219488230975,0.04854184108212355,-0.029086936063188625,-0.005101855060258604,0.099878975583518,0.014713715481004627,-0.01819682212386454,0.015162719242882566,-0.03413975636736138,0.022286134085986904,-0.019916743121665147,0.009574090817278485,0.02904692152488993,-0.029500241949392842,-0.0037555596850229766,4.788124091019274e-05,0.04324648063389305,-0.004492694485427074,0.02091206003559392,-0.004929874836951473,-0.0036550072436713856,0.039829617817106644,-0.00865893473123076,-0.04132967259874216,-0.020932005509577713,0.0696036813000568,-0.013969333182421988,-0.031414879278868026,-0.015733310548394087,0.05581663139147043,-0.018904013827090234,0.011915817276738315,0.009919915739442087,0.006453635557749842,0.00890947894342634,0.0037498895169811998,0.017770165032787975,0.015147538455609632,-0.0016045479601713539,-0.022018192350444745,0.004272117264062301,0.02579377994973582,-0.026230167102255685,0.01856087175301031,0.03235326405659184,0.01280015869192997,-0.01944968569824714,0.0019385296874755197,-0.02043197618031788,-0.0180160189290752,0.04835348972068452,-0.029112647226504897,-0.02247783893526209,-0.021139737455693974,0.03350814698610094,-0.011769609073891935,0.0012692428106805083,-0.005298839016365141,0.04900215996045444,-0.012237269364955193,0.023763621169491426,-0.013934785870817283,0.020076481514303083,-0.0005971863152457463,-0.021063567972620947,0.03539156538179893,-0.01239692215005816,-0.0076121504046294955,-0.01065324072630206,0.07791328196931609,0.027725719393563938,-0.011141971617612607,-0.02380501979855852,0.0037246960432483988,-0.01725019269144252,-0.01516834192342859,-0.014846296877530554,0.0033902411185293396,0.008124040426182071
JobSat_JobRole,-0.04924178576013109,-0.050241509683322506,0.6275362417858044,0.43755506039801906,0.6254295916338346,0.6395327955640289,0.6952207028336145,1.0,0.6566728318339908,0.615727364998846,0.6227291565759773,0.026371421583220877,-0.01198147311292305,-0.03220712549909518,-0.0043701236582080446,-0.015910984599681353,0.003263215273667206,0.01300363673695752,-0.0013828073590275748,0.008355250858004554,0.00409795104062165,-0.005065557342976796,0.03870848234661414,-0.019276572301143432,0.031511578453332675,-0.004936915008060717,-0.013765195757760836,-0.027836798875111646,-0.014315819175004092,-0.010672418335853001,-0.058378533132876054,0.02131039219356226,0.03528271555652759,-0.0058009172110310495,-0.014884132014376321,0.01876166570838804,-0.024547485397699235,0.031257740268581906,0.003398242116066071,0.01521345512117688,-0.0046592968409623495,-0.0022853211268728467,0.004383627920761027,-0.005052145717192681,-0.011102905002475702,-0.03688301976151703,-0.04368444287733979,0.0074961488078195805,0.04173992417541241,0.034280399001740916,0.006075633500415988,0.046266119025171124,0.007686147810668269,-0.016012222244525136,-0.0022689959853122543,0.03936711207360967,-0.024837717654312055,0.01222103506929346,0.04009825193672908,-0.0242251343030377,-0.00493181384298324,0.07355365876926664,0.0027460271702945517,-0.00794976729074802,0.007529882287825918,-0.012246845993481465,0.01079216082887538,0.028264147004776037,-0.01558501102209464,0.013974057950799855,0.00627709115068481,-0.013343903897748349,0.00793854844864649,0.039752525975428,0.0027311182645081617,0.02044634329232077,-0.012193307030459826,-0.00455650062989935,0.04045384776015062,-0.010054762230435315,-0.04144736538028633,-0.019177007591389243,0.07459292981721212,-0.01750564232675406,-0.04446190583422245,-0.026625449518945948,0.07353558250045907,-0.02114824627949031,-0.004439329435514895,0.0053415809371728075,0.03473409855327704,-0.0066093801785452,0.012474850582650434,0.024248411253448857,0.007027217484202008,-0.0012663579226531356,-0.03069759074568951,-0.006977305547364299,0.04723706447095726,-0.03743511178176804,0.012020374761157769,0.02566828500315243,0.022911710817531232,-0.02507458951818162,0.005284458491838792,-0.01625928414294402,-0.005577512942174937,0.027121629208525427,-0.0060499047718176515,-0.0053992367497885385,-0.0075066666907272995,0.008377826980697521,-0.012929681736657768,0.007681850565238532,0.007468440412297332,0.037100304435211715,-0.015376866201081146,0.00551836816486269,0.00822445643951313,-0.001963722742729561,0.017374197882226407,0.018897095520335954,-0.005818513279204964,0.0013988871958629462,-0.02131810444645694,-0.006604804402154768,0.05722789807697321,0.016234300991972688,-0.008130722403904783,-0.0188501428026947,0.0020612608792347866,-0.019884566121923537,-0.012647971093361987,-0.0071578422377502095,-0.008705673479155558,0.010407262198016923
JobSat_Management,-0.08481214247349024,-0.09013914353006174,0.5978257602986617,0.46825247166753625,0.6187256111484296,0.6316953010472922,0.6610448994147299,0.6566728318339908,1.0,0.6621124056728382,0.6486241649354669,0.026212352549123196,-0.004664503486675205,-0.003131824475194404,0.0035790164404708486,-0.019617340940098312,0.006401027062261524,-0.007581656026496867,-0.0030087783052623247,0.005977058350766198,-0.0012207869134558465,-0.011194391880325161,0.041697951018901065,-0.02983854771473349,0.035568812068022995,-0.016482393609960552,-0.012412226194231369,-0.017999048365059927,-0.01076356742028459,-0.01207728964764347,-0.010979940818213461,0.015045339264724778,0.014507345009898809,0.0028951177771110647,-0.0143406937220396,0.010898429753650338,-0.006560186431357884,0.032330107119321,0.006515054619369748,0.008034713763479489,0.006263696163359936,-0.0005702958256337762,0.0047774097134133525,-0.014326770391028271,-0.003795290489542442,-0.036538140982109155,-0.03421520388026041,-0.0024441645298848283,0.04749279550699466,0.024082915453038853,0.004130352093191219,0.04899770785999517,0.006836630616040966,-0.015509255790894379,-0.004211867620832239,0.0426691549413986,-0.004340859124396141,0.02174098931362378,0.03135146247555536,-0.025017239055817802,-0.0025838146448281364,0.07756429527061662,0.006960140105865695,-0.012386729184292388,0.019785707135659327,-0.01424210217630567,0.020042927878060227,-0.006116485663413779,-0.012725427134598824,0.007722793371061637,0.012779819417465862,-0.010863124428192669,-0.006947254611674174,0.029480096917627867,0.01830986718947756,0.0033213736813134656,-0.009800233458908097,-0.0055824802547396295,0.0384585731708458,-0.0034399461339082583,-0.029788969202267472,-0.02430032843292059,0.068294100994492,-0.010486398548172777,-0.029846418431410858,-0.025137359625871162,0.06726417943836067,-0.005532886170547447,-0.02126400417418426,-0.0034805759025537553,0.041835529121874875,-0.010070364466525466,-0.008043185906750168,0.015728589471113684,0.03322735556497298,-0.002852326672349034,-0.02326175839068947,-0.010030072448324063,0.03983035071268168,-0.01670909266583945,0.004149951115260905,0.021911131856542435,0.026816633681046188,-0.013630634464301915,0.00661394532567098,-0.004798310831602323,0.0013970821408878897,0.022336622269413436,-0.0019213254120755302,-0.003881317367383135,-0.0013113206865611657,0.0038390767439231755,-0.002985486620387263,0.018107675089199644,0.00839026406617895,0.01220457061487899,-0.006543269422220742,0.0057205362861095874,0.00540407709591654,0.008430233925276299,0.01632751265931777,0.02761547834173993,-0.0227046739810294,0.011995105838006233,-0.0025751192772053236,-0.0025149070867836218,0.05976401683727543,0.01690511830536201,0.0050122730617902555,-0.016871423580145487,0.009598239703923636,-0.012805038609861336,-0.013413585519980868,-0.020959066866159195,-0.007049007210519228,0.011152348799305316
JobSat_Compensation,-0.11524185869445143,-0.11427548800218623,0.5830924241294757,0.4966586751829736,0.6413699721401357,0.5875386447552521,0.6389618022007354,0.615727364998846,0.6621124056728382,1.0,0.7338904074829254,0.024084700670444572,0.008426442583879366,-0.002623045531421448,0.012327382208527476,-0.014590759418529475,-0.0005253156653127993,-0.002738088488385794,-0.00030874657167937597,0.007631194194261426,0.012085996236932314,-0.005130806315908123,0.059713189578832884,-0.04683643681541041,0.034982080513546704,-0.014620430838876458,0.006781660388132439,-0.024419565122096608,-0.0022216123495391858,-0.01570059647862604,-0.0056393024178440455,0.0035703273898512896,0.0015532795101490643,0.013076480572676697,-0.019465608908513635,0.011645510558165414,-0.008210833120466825,0.03423265126072273,0.012149725668834443,-0.002478384644669782,0.002507792356692913,-0.002081092136940707,0.013389978786579427,-0.017425753132206585,-0.006645957287867838,-0.03592073645602835,-0.06385648345850933,0.012249768228419928,0.05905890365084862,0.023107208402880053,0.007917815003236345,0.06913877148305195,0.010614328494852814,-0.024277599315581225,-0.010157018512804362,0.05912587703893396,-0.013438962566035174,0.03556627302829838,0.05416475589755956,-0.033076370400066675,-0.007154598656107788,0.09863942660302787,0.010418088679104064,-0.0230889083445711,0.0198270645715611,-0.03487230899953735,0.021848768425416637,-0.007300217790874172,-0.0017456501679164545,0.030027369116479772,-0.030820956415890673,-0.007065530315586725,-0.012587343296609045,0.04387922170582125,-0.001989799174905543,0.014845356259447105,-0.024071629915798257,-0.007558709808375619,0.04022121316836556,-0.012298774279646334,-0.050280847196668935,-0.03553594759715804,0.07296981794665332,-0.013286809071592442,-0.04598754307996947,-0.02287908619422947,0.058967128342353,-0.011091487611068044,-0.014775570027080158,0.007775428060320228,0.009635810499525553,0.006152341797252718,-0.018134145676246115,0.01797221652234481,0.013734194663800698,-0.004719980065463861,-0.04040592071924919,-0.002406505461591798,0.0323181092363565,-0.033691531552753194,-0.009372080054177976,0.037960598389034435,0.027503117724339405,-0.05027240248236288,0.0046235291541182385,-0.014730932059240366,-0.01432091488776262,0.037708809831744315,-0.029984679234350713,-0.02024648578189048,-0.01957203337827092,0.02123772059889986,-0.00919000455189149,-0.005929905096799944,0.0072058986740441535,0.03818786159653884,-0.008661045344850012,0.008207689238600673,0.005799106799027982,0.013370246923388977,0.004100322440639521,-0.00785659050210118,0.012632643828505732,-0.007231509452581782,0.008054143314336978,-0.009401613416758985,0.08344961486319544,0.019301169663460092,-0.0012360577999738108,-0.01638082551227773,0.013209448504774787,-0.02491381505554923,-0.015397383314502818,-0.03136316970655727,0.03466872723390574,-0.025997396767778846
JobSat_WorkLifeBalance,-0.10897084795118954,-0.10988155262932131,0.6073591931358268,0.526264375746115,0.6857818521821115,0.6038807721934278,0.6158357836795263,0.6227291565759773,0.6486241649354669,0.7338904074829254,1.0,0.038904199885782975,0.00524703851039443,-0.007393325509235167,0.01492348861351518,-0.007340662792699948,-0.007922244750164084,-0.001372566519246049,-0.003034432333632073,0.010091608227381345,0.0033985752151742482,-0.003928542036131447,0.043656933884898386,-0.022745075358605506,0.04907744171436284,-0.02354555201359014,-0.004254377505980228,-0.030303927258252202,-0.009738048906773641,-0.01485013636129087,0.005418366620876941,0.008406422346960703,0.004151946384469685,0.005363005214487473,-0.011310946926875882,0.007354891933899603,-0.00886135436983373,0.024972359468434503,0.017318995341376327,0.0006122604826979649,0.0017786483649163036,-0.007417401144014265,0.0074491244786286485,-0.010221699396598227,-0.0057509408077794704,-0.03707306425289322,-0.06170350023109536,0.0032058604414618897,0.06361613516433529,0.0208946198202783,0.013761681895372118,0.06174497197320759,0.016262103651137335,-0.02111061868568375,-0.0052164720953595395,0.04233895555908973,-0.013532545254186549,0.02736294956905906,0.052474656207544004,-0.03558976523160342,-0.0015179169067370813,0.09696718931020908,0.017358441990006915,-0.02371097359290372,0.01718097970296086,-0.04122830273757692,0.02683884117569633,0.007379840797236416,-0.013631716650306727,0.02901291468992064,-0.01876371022296094,-0.010202222892872037,-0.016811555535768262,0.043120001468938705,0.0017251355196913926,0.009862726969651023,-0.03730957642741575,-0.01445155310491977,0.049677436389760264,-0.011520820584090343,-0.05185158084761766,-0.030550251149245398,0.07125123731004569,-0.010382440610178805,-0.04442312785398152,-0.028354455694442702,0.061073112242852085,-0.01760403701749032,-0.016082937051689377,0.007583111315620226,0.012654456491582838,0.0011541979612164674,-0.015665705772403896,0.021763968159245486,0.01574228156319762,-0.008007008919419238,-0.03800662955262514,-0.012125645398912376,0.03216588653544727,-0.03305818137708634,-0.008280980116415102,0.03711307939619751,0.018596064820969305,-0.0449225474967953,0.005219343471820321,-0.006301411451312209,-0.0060681517650411744,0.016478270418702864,-0.022677166913420463,-0.01061180641779234,-0.015072450786702244,0.017104936552940517,-0.005229037569976267,0.0030223003124853175,-0.0021018331987008674,0.026263573086842112,-0.002361429348406226,0.0112618226858866,0.00038503548495253396,0.005988418330297407,0.01615839217400284,-0.001128843494651079,-0.0035744186248692212,-0.000821480164149547,-0.0011038069395545595,-0.03439932675821267,0.07406524115449373,0.008943596941088238,0.009172569518089653,-0.010286440253208627,0.007537804389898755,-0.015759053584093772,0.001594740957826971,-0.046062756011488654,0.03186522271316708,-0.01584506544286062
ConvertedCompYearly,0.1458915214195087,0.15413986834079665,0.051945549309564416,0.07074862594836577,0.02864868832250131,0.02291750478130982,0.0005658120827618633,0.026371421583220877,0.026212352549123196,0.024084700670444572,0.038904199885782975,1.0,0.0021765630305219945,0.001470888142598224,0.02777265734810291,0.020465927025363703,0.0056988725456481966,0.0008804107341691173,-0.0013598304317071627,0.007752552647446542,-0.03778698542861044,-0.025021310583732054,-0.04424769572193204,0.04069535439958335,-0.010564356022478735,0.0026247860399165827,0.004135375594014483,0.06323203507322932,-0.029460710186320183,-0.009186076991070468,-0.043009840100864866,0.009445884844092728,0.005237269661813042,-0.007628578741981577,-0.006045180031945486,-0.01969081062905609,0.032324204603563056,-0.0038162543266138144,-0.006048815598063842,0.029392479023073077,0.008188907704356095,0.01058593666380895,-0.02130412172329784,-0.012397851624943267,0.03328729414045795,-0.007452499616181494,0.002906869547546989,-0.014551227165188937,0.03727767995605618,-0.008921404834216445,0.014356218575738619,-0.02705172398641668,0.011243334113591368,0.00162099015247575,0.01305260851222178,-0.0024622837613128713,0.009439155949502714,0.03367694343688579,-0.024480868329416934,-0.0003487966266951672,0.005748796093287559,-0.03448145876499913,-0.006581136317665527,0.008014101244558402,0.025937463997662637,0.022291746724907843,0.001653654168654787,0.052028249399345895,-0.0271949879930083,-0.033339724279774156,0.06236489616956842,-0.013031436068296189,-0.010592610341378296,-0.007213227263121702,0.014940065561008324,-0.007605539245112086,-0.0008387436382018625,-0.00778020481046019,0.018214268327904196,-0.009116413839830126,0.009242594094338929,0.004279951182262567,0.009400475130944587,0.007776656971190127,0.01223241123009011,0.0026353305114018254,0.01071185675366495,0.010681436833849336,0.0005382632025973112,-0.009053662655358785,0.00608057154871582,-0.008503506892552649,0.0006219043721387151,-0.0013213393520403725,-0.0023807081129917336,0.010109404364758443,0.0024726148629552218,-0.00955911317450464,0.013271466607171491,0.007311206996061815,-0.008357907496687092,-0.024316342818979382,0.033166567827733924,-0.0034004622189270097,0.014892500433432645,0.030137161780614423,0.014930595418506753,-0.04658790983517472,0.027553244946135556,0.016204075624497247,0.027816827860124158,-0.036222874239727976,0.004100460715890505,0.0043014467974084045,0.0009420459112187877,-0.014743849700780267,0.00019968135629807666,-0.012762101675489343,0.018883909298672903,-0.013364059048664346,0.030516187135690858,0.029646493480977906,-0.032557388765659036,0.022262655798913927,0.001397274631315064,-0.014896882037997494,-0.028076692349114755,-0.00041324133617759353,0.006407630411072885,0.023961198505741105,-0.0008049055353532937,0.01672490590379558,0.0257493820988302,-0.013770859451277524,-0.008600360685663555,0.021191680486711075
